# This file may be used to create an environment using:
# $ conda create --name <env> --file <this file>
# platform: win-64
appdirs=1.4.4=pyh9f0ad1d_0
brotli-python=1.0.9=py311h12c1d0e_8
brotlipy=0.7.0=py311ha68e1ae_1005
bzip2=1.0.8=h8ffe710_4
ca-certificates=2022.12.7=h5b45459_0
certifi=2022.12.7=pyhd8ed1ab_0
cffi=1.15.1=py311h7d9ee11_3
charset-normalizer=2.1.1=pyhd8ed1ab_0
click=8.1.3=win_pyhd8ed1ab_2
colorama=0.4.6=pyhd8ed1ab_0
cryptography=39.0.0=py311h28e9c30_0
dash=2.7.1=pyhd8ed1ab_0
flask=2.2.2=pyhd8ed1ab_0
flask-compress=1.13=pyhd8ed1ab_0
gunicorn=20.1.0=pypi_0
idna=3.4=pyhd8ed1ab_0
importlib-metadata=6.0.0=pyha770c72_0
intel-openmp=2023.0.0=h57928b3_25922
itsdangerous=2.1.2=pyhd8ed1ab_0
jinja2=3.1.2=pyhd8ed1ab_1
libblas=3.9.0=16_win64_mkl
libcblas=3.9.0=16_win64_mkl
libffi=3.4.2=h8ffe710_5
libhwloc=2.8.0=h039e092_1
libiconv=1.17=h8ffe710_0
liblapack=3.9.0=16_win64_mkl
libsqlite=3.40.0=hcfcfb64_0
libxml2=2.10.3=hc3477c8_0
libzlib=1.2.13=hcfcfb64_4
m2w64-gcc-libgfortran=5.3.0=6
m2w64-gcc-libs=5.3.0=7
m2w64-gcc-libs-core=5.3.0=7
m2w64-gmp=6.1.0=2
m2w64-libwinpthread-git=5.0.0.4634.697f757=2
markupsafe=2.1.1=py311ha68e1ae_2
mkl=2022.1.0=h6a75c08_874
msys2-conda-epoch=20160418=1
numpy=1.24.1=py311h95d790f_0
openssl=3.0.7=hcfcfb64_1
packaging=22.0=pyhd8ed1ab_0
pandas=1.5.2=py311hf63dbb6_0
patsy=0.5.3=pyhd8ed1ab_0
pip=22.3.1=pyhd8ed1ab_0
plotly=5.11.0=pyhd8ed1ab_1
plotly_express=0.4.1=py_0
pooch=1.6.0=pyhd8ed1ab_0
pthreads-win32=2.9.1=hfa6e2cd_3
pycparser=2.21=pyhd8ed1ab_0
pyopenssl=23.0.0=pyhd8ed1ab_0
pysocks=1.7.1=pyh0701188_6
python=3.11.0=hcf16a7b_0_cpython
python-dateutil=2.8.2=pyhd8ed1ab_0
python_abi=3.11=3_cp311
pytz=2022.7=pyhd8ed1ab_0
requests=2.28.1=pyhd8ed1ab_1
scipy=1.10.0=py311h37ff6ca_0
setuptools=65.6.3=pyhd8ed1ab_0
six=1.16.0=pyh6c4a22f_0
statsmodels=0.13.5=py311h59ca53f_2
tbb=2021.7.0=h91493d7_1
tenacity=8.1.0=pyhd8ed1ab_0
tk=8.6.12=h8ffe710_0
tzdata=2022g=h191b570_0
ucrt=10.0.22621.0=h57928b3_0
urllib3=1.26.13=pyhd8ed1ab_0
vc=14.3=h3d8a991_9
vs2015_runtime=14.32.31332=h1d6e394_9
werkzeug=2.2.2=pyhd8ed1ab_0
wheel=0.38.4=pyhd8ed1ab_0
win_inet_pton=1.1.0=pyhd8ed1ab_6
xz=5.2.6=h8d14728_0
zipp=3.11.0=pyhd8ed1ab_0
